# blastn
# Iteration: 0
# Query: NM_001407571.1 Homo sapiens BRCA1 DNA repair associated (BRCA1), transcript variant 6, mRNA
# RID: 1JJ8DE8S01R
# Database: nt
# Fields: query acc.ver, subject acc.ver, % identity, alignment length, mismatches, gap opens, q. start, q. end, s. start, s. end, evalue, bit score
# 145 hits found
NM_001407571.1	NM_001408484.1	100.000	503	0	0	1	503	1	503	0.0	929
NM_001407571.1	NM_001408478.1	100.000	503	0	0	1	503	1	503	0.0	929
NM_001407571.1	NM_001407948.1	100.000	503	0	0	1	503	1	503	0.0	929
NM_001407571.1	NM_001407950.1	100.000	503	0	0	1	503	1	503	0.0	929
NM_001407571.1	NM_001408484.1	100.000	503	0	0	1	503	1	503	0.0	929
NM_001407571.1	NM_001408484.1	100.000	503	0	0	1	503	1	503	0.0	929
NM_001407571.1	NM_001408478.1	100.000	503	0	0	1	503	1	503	0.0	929
NM_001407571.1	NM_001407948.1	100.000	503	0	0	1	503	1	503	0.0	929
NM_001407571.1	NM_001407950.1	100.000	503	0	0	1	503	1	503	0.0	929
NM_001407571.1	NM_001407907.1	100.000	503	0	0	1	503	1	503	0.0	929
NM_001407571.1	NM_001407879.1	100.000	503	0	0	1	503	1	503	0.0	929
NM_001407571.1	NM_001407571.1	100.000	503	0	0	1	503	1	503	0.0	929
NM_001407571.1	NM_001407952.1	97.416	503	0	1	1	503	1	490	0.0	845
NM_001407571.1	NM_001408450.1	95.810	525	0	1	1	503	1	525	0.0	828
NM_001407571.1	NM_001408418.1	95.810	525	0	1	1	503	1	525	0.0	828
NM_001407571.1	NM_001408398.1	95.810	525	0	1	1	503	1	525	0.0	828
NM_001407571.1	NM_001408428.1	95.810	525	0	1	1	503	1	525	0.0	828
NM_001407571.1	NM_001408440.1	95.810	525	0	1	1	503	1	525	0.0	828
NM_001407571.1	NM_001408434.1	95.810	525	0	1	1	503	1	525	0.0	828
NM_001407571.1	NM_001407992.1	95.810	525	0	1	1	503	1	525	0.0	828
NM_001407571.1	NM_001407981.1	95.810	525	0	1	1	503	1	525	0.0	828
NM_001407571.1	NM_001407978.1	95.810	525	0	1	1	503	1	525	0.0	828
NM_001407571.1	NM_001407859.1	95.810	525	0	1	1	503	1	525	0.0	828
NM_001407571.1	NM_001407672.1	95.810	525	0	1	1	503	1	525	0.0	828
NM_001407571.1	NM_001407666.1	95.810	525	0	1	1	503	1	525	0.0	828
NM_001407571.1	NM_001407678.1	95.810	525	0	1	1	503	1	525	0.0	828
NM_001407571.1	NM_001407612.1	95.810	525	0	1	1	503	1	525	0.0	828
NM_001407571.1	NM_001407597.1	95.810	525	0	1	1	503	1	525	0.0	828
NM_001407571.1	NM_001407639.1	95.810	525	0	1	1	503	1	525	0.0	828
NM_001407571.1	NM_001407582.1	95.810	525	0	1	1	503	1	525	0.0	828
NM_001407571.1	NM_001407636.1	95.810	525	0	1	1	503	1	525	0.0	828
NM_001407571.1	NM_001407620.1	95.810	525	0	1	1	503	1	525	0.0	828
NM_001407571.1	NM_001407629.1	95.810	525	0	1	1	503	1	525	0.0	828
NM_001407571.1	NM_007298.4	95.810	525	0	1	1	503	1	525	0.0	828
NM_001407571.1	XM_063598601.1	95.048	525	4	1	1	503	141	665	0.0	806
NM_001407571.1	XM_063598594.1	95.048	525	4	1	1	503	141	665	0.0	806
NM_001407571.1	XM_057300191.2	95.048	525	4	1	1	503	141	665	0.0	806
NM_001407571.1	XM_057300187.2	95.048	525	4	1	1	503	141	665	0.0	806
NM_001407571.1	XM_057300186.2	95.048	525	4	1	1	503	141	665	0.0	806
NM_001407571.1	XM_055100853.2	95.048	525	4	1	1	503	141	665	0.0	806
NM_001407571.1	XM_057300185.2	95.048	525	4	1	1	503	141	665	0.0	806
NM_001407571.1	NM_001407841.1	95.048	525	0	2	1	503	1	521	0.0	802
NM_001407571.1	AF005068.1	99.063	427	4	0	77	503	1	427	0.0	767
NM_001407571.1	XM_054546479.2	93.524	525	11	2	1	503	23	546	0.0	760
NM_001407571.1	XM_054546471.2	93.524	525	11	2	1	503	34	557	0.0	760
NM_001407571.1	XM_054546458.2	93.524	525	11	2	1	503	33	556	0.0	760
NM_001407571.1	XM_054546455.2	93.524	525	11	2	1	503	32	555	0.0	760
NM_001407571.1	XM_054546454.2	93.524	525	11	2	1	503	32	555	0.0	760
NM_001407571.1	XM_009251700.4	93.524	525	11	2	1	503	31	554	0.0	760
NM_001407571.1	AK308084.1	95.455	484	0	1	42	503	1	484	0.0	752
NM_001407571.1	XM_055256891.2	93.143	525	13	2	1	503	68	591	0.0	749
NM_001407571.1	XM_055256885.2	93.143	525	13	2	1	503	70	593	0.0	749
NM_001407571.1	XM_055256884.2	93.143	525	13	2	1	503	69	592	0.0	749
NM_001407571.1	XM_055256882.2	93.143	525	13	2	1	503	67	590	0.0	749
NM_001407571.1	XM_055256863.2	93.143	525	13	2	1	503	87	610	0.0	749
NM_001407571.1	XM_055256862.2	93.143	525	13	2	1	503	87	610	0.0	749
NM_001407571.1	XM_055256857.2	93.143	525	13	2	1	503	87	610	0.0	749
NM_001407571.1	XM_025363319.1	93.939	462	27	1	42	503	1	461	0.0	697
NM_001407571.1	NM_001408416.1	100.000	336	0	0	1	336	1	336	5.80e-173	621
NM_001407571.1	NM_001408416.1	100.000	111	0	0	393	503	337	447	6.92e-48	206
NM_001407571.1	NM_001407874.1	100.000	336	0	0	1	336	1	336	5.80e-173	621
NM_001407571.1	NM_001407874.1	100.000	111	0	0	393	503	337	447	6.92e-48	206
NM_001407571.1	XM_057300197.2	99.107	336	3	0	1	336	141	476	5.84e-168	604
NM_001407571.1	XM_057300197.2	99.099	111	1	0	393	503	477	587	3.22e-46	200
NM_001407571.1	XM_057300184.2	99.107	336	3	0	1	336	141	476	5.84e-168	604
NM_001407571.1	XM_057300184.2	99.099	111	1	0	393	503	477	587	3.22e-46	200
NM_001407571.1	NM_001408506.1	100.000	323	0	0	181	503	86	408	9.77e-166	597
NM_001407571.1	NM_001408506.1	100.000	88	0	0	1	88	1	88	4.22e-35	163
NM_001407571.1	NM_001408481.1	100.000	323	0	0	181	503	86	408	9.77e-166	597
NM_001407571.1	NM_001408481.1	100.000	88	0	0	1	88	1	88	4.22e-35	163
NM_001407571.1	NM_001408491.1	100.000	323	0	0	181	503	86	408	9.77e-166	597
NM_001407571.1	NM_001408491.1	100.000	88	0	0	1	88	1	88	4.22e-35	163
NM_001407571.1	NM_001408509.1	100.000	323	0	0	181	503	86	408	9.77e-166	597
NM_001407571.1	NM_001408509.1	100.000	88	0	0	1	88	1	88	4.22e-35	163
NM_001407571.1	NM_001408508.1	100.000	323	0	0	181	503	86	408	9.77e-166	597
NM_001407571.1	NM_001408508.1	100.000	88	0	0	1	88	1	88	4.22e-35	163
NM_001407571.1	NM_001408480.1	100.000	323	0	0	181	503	86	408	9.77e-166	597
NM_001407571.1	NM_001408480.1	100.000	88	0	0	1	88	1	88	4.22e-35	163
NM_001407571.1	NM_001407918.1	100.000	323	0	0	181	503	86	408	9.77e-166	597
NM_001407571.1	NM_001407918.1	100.000	88	0	0	1	88	1	88	4.22e-35	163
NM_001407571.1	NM_001407949.1	100.000	323	0	0	181	503	86	408	9.77e-166	597
NM_001407571.1	NM_001407949.1	100.000	88	0	0	1	88	1	88	4.22e-35	163
NM_001407571.1	NM_001407957.1	100.000	323	0	0	181	503	86	408	9.77e-166	597
NM_001407571.1	NM_001407957.1	100.000	88	0	0	1	88	1	88	4.22e-35	163
NM_001407571.1	NM_001407953.1	100.000	323	0	0	181	503	86	408	9.77e-166	597
NM_001407571.1	NM_001407953.1	100.000	88	0	0	1	88	1	88	4.22e-35	163
NM_001407571.1	NM_001407906.1	100.000	323	0	0	181	503	86	408	9.77e-166	597
NM_001407571.1	NM_001407906.1	100.000	88	0	0	1	88	1	88	4.22e-35	163
NM_001407571.1	NM_001407894.1	100.000	323	0	0	181	503	86	408	9.77e-166	597
NM_001407571.1	NM_001407894.1	100.000	88	0	0	1	88	1	88	4.22e-35	163
NM_001407571.1	NM_001407887.1	100.000	323	0	0	181	503	86	408	9.77e-166	597
NM_001407571.1	NM_001407887.1	100.000	88	0	0	1	88	1	88	4.22e-35	163
NM_001407571.1	NM_001407909.1	100.000	323	0	0	181	503	86	408	9.77e-166	597
NM_001407571.1	NM_001407909.1	100.000	88	0	0	1	88	1	88	4.22e-35	163
NM_001407571.1	NM_001408479.1	100.000	321	0	0	183	503	94	414	1.26e-164	593
NM_001407571.1	NM_001408479.1	100.000	94	0	0	1	94	1	94	1.95e-38	174
NM_001407571.1	NM_001408489.1	100.000	321	0	0	183	503	94	414	1.26e-164	593
NM_001407571.1	NM_001408489.1	100.000	94	0	0	1	94	1	94	1.95e-38	174
NM_001407571.1	NM_001408490.1	100.000	321	0	0	183	503	94	414	1.26e-164	593
NM_001407571.1	NM_001408490.1	100.000	94	0	0	1	94	1	94	1.95e-38	174
NM_001407571.1	NM_001408483.1	100.000	321	0	0	183	503	1249	1569	1.26e-164	593
NM_001407571.1	NM_001408483.1	100.000	183	0	0	1	183	1	183	6.54e-88	339
NM_001407571.1	NM_001408514.1	100.000	321	0	0	183	503	628	948	1.26e-164	593
NM_001407571.1	NM_001408514.1	100.000	183	0	0	1	183	1	183	6.54e-88	339
NM_001407571.1	NM_001408502.1	100.000	321	0	0	183	503	94	414	1.26e-164	593
NM_001407571.1	NM_001408502.1	100.000	94	0	0	1	94	1	94	1.95e-38	174
NM_001407571.1	NM_001408493.1	100.000	321	0	0	183	503	94	414	1.26e-164	593
NM_001407571.1	NM_001408493.1	100.000	94	0	0	1	94	1	94	1.95e-38	174
NM_001407571.1	NM_001408485.1	100.000	321	0	0	183	503	628	948	1.26e-164	593
NM_001407571.1	NM_001408485.1	100.000	183	0	0	1	183	1	183	6.54e-88	339
NM_001407571.1	NM_001407951.1	100.000	321	0	0	183	503	94	414	1.26e-164	593
NM_001407571.1	NM_001407951.1	100.000	94	0	0	1	94	1	94	1.95e-38	174
NM_001407571.1	NM_001407955.1	100.000	321	0	0	183	503	94	414	1.26e-164	593
NM_001407571.1	NM_001407955.1	100.000	94	0	0	1	94	1	94	1.95e-38	174
NM_001407571.1	NM_001407916.1	100.000	321	0	0	183	503	94	414	1.26e-164	593
NM_001407571.1	NM_001407916.1	100.000	94	0	0	1	94	1	94	1.95e-38	174
NM_001407571.1	NM_001407947.1	100.000	321	0	0	183	503	628	948	1.26e-164	593
NM_001407571.1	NM_001407947.1	100.000	183	0	0	1	183	1	183	6.54e-88	339
NM_001407571.1	NM_001407946.1	100.000	321	0	0	183	503	94	414	1.26e-164	593
NM_001407571.1	NM_001407946.1	100.000	94	0	0	1	94	1	94	1.95e-38	174
NM_001407571.1	NM_001407910.1	100.000	321	0	0	183	503	94	414	1.26e-164	593
NM_001407571.1	NM_001407910.1	100.000	94	0	0	1	94	1	94	1.95e-38	174
NM_001407571.1	NM_001407956.1	100.000	321	0	0	183	503	628	948	1.26e-164	593
NM_001407571.1	NM_001407956.1	100.000	183	0	0	1	183	1	183	6.54e-88	339
NM_001407571.1	NM_001407915.1	100.000	321	0	0	183	503	94	414	1.26e-164	593
NM_001407571.1	NM_001407915.1	100.000	94	0	0	1	94	1	94	1.95e-38	174
NM_001407571.1	NM_001407958.1	100.000	321	0	0	183	503	94	414	1.26e-164	593
NM_001407571.1	NM_001407958.1	100.000	94	0	0	1	94	1	94	1.95e-38	174
NM_001407571.1	NM_001407882.1	100.000	321	0	0	183	503	628	948	1.26e-164	593
NM_001407571.1	NM_001407882.1	100.000	183	0	0	1	183	1	183	6.54e-88	339
NM_001407571.1	NM_001407884.1	100.000	321	0	0	183	503	94	414	1.26e-164	593
NM_001407571.1	NM_001407884.1	100.000	94	0	0	1	94	1	94	1.95e-38	174
NM_001407571.1	NM_001407853.1	100.000	321	0	0	183	503	94	414	1.26e-164	593
NM_001407571.1	NM_001407853.1	100.000	94	0	0	1	94	1	94	1.95e-38	174
NM_001407571.1	NM_001407897.1	100.000	321	0	0	183	503	628	948	1.26e-164	593
NM_001407571.1	NM_001407897.1	100.000	183	0	0	1	183	1	183	6.54e-88	339
NM_001407571.1	NM_001407895.1	100.000	321	0	0	183	503	94	414	1.26e-164	593
NM_001407571.1	NM_001407895.1	100.000	94	0	0	1	94	1	94	1.95e-38	174
NM_001407571.1	NM_001407904.1	100.000	321	0	0	183	503	94	414	1.26e-164	593
NM_001407571.1	NM_001407904.1	100.000	94	0	0	1	94	1	94	1.95e-38	174
NM_001407571.1	NM_001407908.1	100.000	321	0	0	183	503	628	948	1.26e-164	593
NM_001407571.1	NM_001407908.1	100.000	183	0	0	1	183	1	183	6.54e-88	339
NM_001407571.1	XM_039475996.1	91.335	427	35	2	78	503	1	426	2.74e-161	582
NM_001407571.1	NM_001408507.1	100.000	309	0	0	195	503	93	401	5.92e-158	571
NM_001407571.1	NM_001408507.1	100.000	94	0	0	1	94	1	94	1.95e-38	174
NM_001407571.1	NM_001407899.1	100.000	309	0	0	195	503	93	401	5.92e-158	571
NM_001407571.1	NM_001407899.1	100.000	94	0	0	1	94	1	94	1.95e-38	174
NM_001407571.1	NM_001407886.1	100.000	308	0	0	196	503	88	395	2.13e-157	569
NM_001407571.1	NM_001407886.1	100.000	88	0	0	1	88	1	88	4.22e-35	163
NM_001407571.1	OP156965.1	100.000	301	0	0	203	503	1	301	1.66e-153	556


